0 105
0 116
101 111
10 45
11 112
11 117
11 44
11 48
11 51
11 77
11 78
11 91
12 39
13 75
13 86
13 87
16 29
16 32
16 63
16 66
17 61
18 45
21 109
2 116
22 103
22 61
23 115
24 101
24 104
24 25
24 39
24 73
25 104
29 66
31 107
32 63
33 43
33 88
3 4
35 80
39 101
39 73
40 79
40 84
43 88
44 112
44 117
44 48
44 78
44 91
44 98
46 48
46 77
48 112
48 51
48 77
48 78
48 91
48 96
50 119
5 11
5 112
51 77
51 91
52 106
52 64
53 89
54 103
5 44
54 76
5 48
55 93
56 97
5 78
5 9
59 69
59 95
6 104
61 103
61 107
6 24
6 25
63 66
6 39
64 106
6 73
69 95
71 76
73 101
75 86
75 87
76 103
77 116
77 91
77 96
78 112
79 84
86 87
90 119
9 11
91 116
9 112
91 96
94 113
9 44
9 46
9 48
9 51
9 60
96 116
9 77
9 78
98 117
9 91
9 96
