0 105
0 116
2 116
3 4
4 3
5 112
5 11
5 48
5 78
5 44
5 9
6 39
6 104
6 24
6 25
6 73
9 51
9 112
9 77
9 11
9 48
9 91
9 78
9 44
9 5
9 46
9 96
9 60
10 45
11 51
11 112
11 77
11 48
11 91
11 78
11 44
11 5
11 9
11 117
12 39
13 87
13 86
13 75
16 32
16 66
16 29
16 63
17 61
18 45
21 109
22 61
22 103
23 115
24 6
24 39
24 104
24 101
24 25
24 73
25 6
25 104
25 24
29 66
29 16
31 107
32 16
32 63
33 43
33 88
35 80
39 12
39 6
39 24
39 101
39 73
40 84
40 79
43 88
43 33
44 112
44 11
44 48
44 91
44 78
44 5
44 98
44 9
44 117
45 18
45 10
46 77
46 48
46 9
48 51
48 112
48 77
48 11
48 91
48 78
48 44
48 5
48 9
48 46
48 96
50 119
51 77
51 11
51 48
51 91
51 9
52 64
52 106
53 89
54 76
54 103
55 93
56 97
59 95
59 69
60 9
61 17
61 107
61 103
61 22
63 32
63 66
63 16
64 52
64 106
66 29
66 16
66 63
69 95
69 59
71 76
73 6
73 39
73 24
73 101
75 87
75 86
75 13
76 54
76 71
76 103
77 51
77 11
77 48
77 91
77 116
77 9
77 46
77 96
78 112
78 11
78 48
78 44
78 5
78 9
79 84
79 40
80 35
84 79
84 40
86 87
86 13
86 75
87 86
87 13
87 75
88 43
88 33
89 53
90 119
91 51
91 77
91 11
91 48
91 44
91 116
91 9
91 96
93 55
94 113
95 69
95 59
96 77
96 48
96 91
96 116
96 9
97 56
98 44
98 117
101 39
101 24
101 73
101 111
103 54
103 76
103 61
103 22
104 6
104 24
104 25
105 0
106 52
106 64
107 61
107 31
109 21
111 101
112 11
112 48
112 78
112 44
112 5
112 9
113 94
115 23
116 77
116 91
116 0
116 96
116 2
117 11
117 44
117 98
119 50
119 90
